Problem size of 104x104x104

row 0
0 1 104 105 10816 10817 10920 10921 
26 -1 -1 -1 -1 -1 -1 -1 

row 1
0 1 2 104 105 106 10816 10817 10818 10920 10921 10922 
-1 26 -1 -1 -1 -1 -1 -1 -1 -1 -1 -1 

row 104
0 1 104 105 208 209 10816 10817 10920 10921 11024 11025 
-1 -1 26 -1 -1 -1 -1 -1 -1 -1 -1 -1 

row 209
104 105 106 208 209 210 312 313 314 10920 10921 10922 11024 11025 11026 11128 11129 11130 
-1 -1 -1 -1 26 -1 -1 -1 -1 -1 -1 -1 -1 -1 -1 -1 -1 -1 

row 11025
104 105 106 208 209 210 312 313 314 10920 10921 10922 11024 11025 11026 11128 11129 11130 21736 21737 21738 21840 21841 21842 21944 21945 21946 
-1 -1 -1 -1 -1 -1 -1 -1 -1 -1 -1 -1 -1 26 -1 -1 -1 -1 -1 -1 -1 -1 -1 -1 -1 -1 -1 

row 11026
105 106 107 209 210 211 313 314 315 10921 10922 10923 11025 11026 11027 11129 11130 11131 21737 21738 21739 21841 21842 21843 21945 21946 21947 
-1 -1 -1 -1 -1 -1 -1 -1 -1 -1 -1 -1 -1 26 -1 -1 -1 -1 -1 -1 -1 -1 -1 -1 -1 -1 -1 

row 11027
106 107 108 210 211 212 314 315 316 10922 10923 10924 11026 11027 11028 11130 11131 11132 21738 21739 21740 21842 21843 21844 21946 21947 21948 
-1 -1 -1 -1 -1 -1 -1 -1 -1 -1 -1 -1 -1 26 -1 -1 -1 -1 -1 -1 -1 -1 -1 -1 -1 -1 -1 

row 11028
107 108 109 211 212 213 315 316 317 10923 10924 10925 11027 11028 11029 11131 11132 11133 21739 21740 21741 21843 21844 21845 21947 21948 21949 
-1 -1 -1 -1 -1 -1 -1 -1 -1 -1 -1 -1 -1 26 -1 -1 -1 -1 -1 -1 -1 -1 -1 -1 -1 -1 -1 

