(4 8 8 0 0 0 0)
(4 7 8 0 0 0 34)(4 7 8 0 0 2 12) (4 7 8 0 0 16 6) (4 7 8 0 0 38 4) (4 7 8 0 0 58 2) (4 7 8 0 0 78 0)
(4 6 8 0 0 0 8) (4 6 8 0 0 20 4) (4 6 8 0 0 50 2) (4 6 8 0 0 82 0)
(4 5 8 0 0 0 36) (4 5 8 0 0 2 14) (4 5 8 0 0 28 6) (4 5 8 0 0 60 4) (4 5 8 0 0 92 2) (4 5 8 0 0 124 0)
(4 4 8 0 0 200 0)
(4 3 8 0 0 0 40) (4 3 8 0 0 2 18) (4 3 8 0 0 66 6) (4 3 8 0 0 130 4) (4 3 8 0 0 200 2)
(4 2 8 0 0 0 14) (4 2 8 0 0 200 4)
(4 1 8 0 0 0 40) (4 1 8 0 0 2 20) (4 1 8 0 0 200 8)

(3 8 8 0 0 0 42) (3 8 8 0 0 2 14) (3 8 8 0 0 14 6) (3 8 8 0 0 32 4) (3 8 8 0 0 48 2) (3 8 8 0 0 66 0)
(3 7 8 0 0 0 42) (3 7 8 0 0 2 14) (3 7 8 0 0 16 6) (3 7 8 0 0 38 4) (3 7 8 0 0 58 2) (3 7 8 0 0 78 0)
(3 6 8 0 0 16 2) (3 6 8 0 0 58 0)
(3 5 8 0 0 0 44) (3 5 8 0 0 2 16) (3 5 8 0 0 28 6) (3 5 8 0 0 60 4) (3 5 8 0 0 92 2) (3 5 8 0 0 124 0)
(3 4 8 0 0 0 46) (3 4 8 0 0 2 18) (3 4 8 0 0 42 6) (3 4 8 0 0 84 4) (3 4 8 0 0 126 2) (3 4 8 0 0 200 0)
(3 3 8 0 0 200 2)
(3 2 8 0 0 0 48) (3 2 8 0 0 2 22) (3 2 8 0 0 6 8) (3 2 8 0 0 138 6) (3 2 8 0 0 200 4)
(3 1 8 0 0 0 48) (3 1 8 0 0 2 22) (3 1 8 0 0 200 8)

(2 8 8 0 0 0 8) (2 8 8 0 0 10 4) (2 8 8 0 0 30 2) (2 8 8 0 0 50 0)
(2 7 8 0 0 0 52) (2 7 8 0 0 2 16) (2 7 8 0 0 16 6) (2 7 8 0 0 38 4) (2 7 8 0 0 58 2) (2 7 8 0 0 78 0)
(2 6 8 0 0 0 12) (2 6 8 0 0 20 4) (2 6 8 0 0 50 2) (2 6 8 0 0 82 0)
(2 5 8 0 0 0 56) (2 5 8 0 0 2 20) (2 5 8 0 0 28 6) (2 5 8 0 0 60 4) (2 5 8 0 0 92 2) (2 5 8 0 0 124 0)
(2 4 8 0 0 0 16) (2 4 8 0 0 46 4) (2 4 8 0 0 112 2) (2 4 8 0 0 200 0)
(2 3 8 0 0 0 58) (2 3 8 0 0 2 24) (2 3 8 0 0 66 6) (2 3 8 0 0 130 4) (2 3 8 0 0 200 2)
(2 2 8 0 0 0 20) (2 2 8 0 0 200 4)
(2 1 8 0 0 0 62) (2 1 8 0 0 2 26) (2 1 8 0 0 200 8)

(1 8 8 0 0 0 74) (1 8 8 0 0 2 20) (1 8 8 0 0 14 6) (1 8 8 0 0 32 4) (1 8 8 0 0 48 2) (1 8 8 0 0 66 0)
(1 7 8 0 0 0 74) (1 7 8 0 0 2 20) (1 7 8 0 0 16 6) (1 7 8 0 0 38 4) (1 7 8 0 0 58 2) (1 7 8 0 0 78 0)
(1 6 8 0 0 0 78) (1 6 8 0 0 2 26) (1 6 8 0 0 24 6) (1 6 8 0 0 48 4) (1 6 8 0 0 72 2) (1 6 8 0 0 96 0)
(1 5 8 0 0 0 76) (1 5 8 0 0 2 24) (1 5 8 0 0 28 6) (1 5 8 0 0 60 4) (1 5 8 0 0 92 2) (1 5 8 0 0 124 0)
(1 4 8 0 0 0 80) (1 4 8 0 0 2 28) (1 4 8 0 0 42 6) (1 4 8 0 0 84 4) (1 4 8 0 0 126 2) (1 4 8 0 0 200 0)
(1 3 8 0 0 0 80) (1 3 8 0 0 2 30) (1 3 8 0 0 66 6) (1 3 8 0 0 130 4) (1 3 8 0 0 200 2)
(1 2 8 0 0 0 82) (1 2 8 0 0 2 32) (1 2 8 0 0 6 8) (1 2 8 0 0 138 6) (1 2 8 0 0 200 4)
(1 1 8 0 0 0 82) (1 1 8 0 0 2 34) (1 1 8 0 0 200 8))
